0 0.88203125 0.18671875 0.0421875 0.1015625
0 0.253125 0.26015625 0.0765625 0.16875
0 0.1265625 0.28515625 0.0703125 0.159375
0 0.54765625 0.290625 0.0703125 0.175
0 0.9625 0.3421875 0.05625 0.140625
0 0.19453125 0.4109375 0.078125 0.1296875
0 0.8671875 0.41875 0.0546875 0.1
0 0.62734375 0.46796875 0.08125 0.1421875
0 0.4421875 0.5515625 0.109375 0.23125
0 0.3375 0.52890625 0.0828125 0.1984375
0 0.19765625 0.58125 0.0765625 0.1703125
0 0.87578125 0.61875 0.096875 0.259375
0 0.60390625 0.64765625 0.10625 0.20625
0 0.69765625 0.146875 0.059375 0.1328125
0 0.484375 0.26484375 0.0546875 0.1296875