1 0.071875 0.51328125 0.14375 0.9703125
0 0.0734375 0.1375 0.065625 0.178125
1 0.18125 0.5859375 0.21171875 0.82734375
0 0.17109375 0.30703125 0.0828125 0.22109375
1 0.375 0.621875 0.10078125 0.72109375
0 0.3671875 0.33984375 0.03046875 0.09453125
1 0.4453125 0.521875 0.07734375 0.53515625
0 0.43828125 0.29296875 0.0234375 0.0625
1 0.534375 0.52734375 0.0625 0.459375
0 0.5359375 0.340625 0.02109375 0.0625
1 0.6078125 0.49453125 0.0546875 0.40859375
1 0.64609375 0.503125 0.071875 0.4453125
0 0.61484375 0.3296875 0.0234375 0.06015625
0 0.64609375 0.3296875 0.01953125 0.06015625