0 0.8578125 0.2890625 0.01953125 0.05390625
0 0.77890625 0.32265625 0.0171875 0.04765625
0 0.6765625 0.34609375 0.01875 0.07109375
0 0.9859375 0.28828125 0.0140625 0.05546875
0 0.82421875 0.33359375 0.01328125 0.0421875
1 0.57890625 0.6359375 0.115625 0.72421875
1 0.78203125 0.5203125 0.0734375 0.48828125
1 0.97265625 0.49296875 0.05234375 0.5
1 0.68671875 0.60546875 0.096875 0.68203125
1 0.86484375 0.51328125 0.1 0.53671875
1 0.328125 0.32109375 0.01171875 0.0328125
1 0.3390625 0.3203125 0.01015625 0.03828125