0 0.153125 0.70546875 0.0171875 0.028125
0 0.1375 0.71015625 0.0171875 0.028125
0 0.1390625 0.68828125 0.01875 0.03125
0 0.2203125 0.6625 0.015625 0.0296875
0 0.33046875 0.65546875 0.0234375 0.040625
0 0.321875 0.6765625 0.01875 0.028125
0 0.3484375 0.6453125 0.0203125 0.0375
0 0.40703125 0.6515625 0.01875 0.03125
0 0.49609375 0.66328125 0.0171875 0.028125
0 0.5265625 0.6734375 0.0171875 0.0265625
0 0.59296875 0.67890625 0.0203125 0.028125
0 0.61328125 0.659375 0.0234375 0.0328125
0 0.69375 0.68125 0.0171875 0.0328125
0 0.6734375 0.6953125 0.015625 0.0265625
0 0.665625 0.68671875 0.0125 0.021875
0 0.790625 0.6890625 0.0203125 0.03125
0 0.82109375 0.67890625 0.03125 0.046875
0 0.89140625 0.68828125 0.028125 0.0484375
0 0.84375 0.65859375 0.0171875 0.0265625
0 0.9 0.66484375 0.01875 0.028125
0 0.95859375 0.66484375 0.021875 0.034375