0 0.003125 0.52734375 0.00625 0.0140625
0 0.025 0.5203125 0.009375 0.015625
0 0.040625 0.578125 0.0140625 0.021875
0 0.015625 0.58984375 0.03125 0.0484375
0 0.04609375 0.5265625 0.0109375 0.015625
0 0.07734375 0.5359375 0.0109375 0.0140625
0 0.1859375 0.5765625 0.0140625 0.021875
0 0.38984375 0.6109375 0.025 0.034375
0 0.25078125 0.53984375 0.0109375 0.015625
0 0.425 0.53671875 0.0109375 0.0171875
0 0.4421875 0.53359375 0.0109375 0.015625
0 0.5671875 0.46796875 0.00625 0.0109375
0 0.6421875 0.47109375 0.0078125 0.0109375
0 0.69375 0.47890625 0.0078125 0.0125
0 0.7234375 0.43984375 0.0046875 0.0078125
0 0.7 0.51796875 0.0109375 0.015625
0 0.71171875 0.54453125 0.0125 0.01875
0 0.59375 0.53828125 0.0375 0.0484375
0 0.77734375 0.60625 0.021875 0.0296875
0 0.803125 0.5921875 0.0203125 0.034375
0 0.8734375 0.59140625 0.0140625 0.0203125
0 0.9140625 0.6109375 0.0203125 0.0296875
0 0.96796875 0.6171875 0.015625 0.028125
0 0.98828125 0.58671875 0.015625 0.0234375