0 0.953125 0.04921875 0.053125 0.09375
0 0.8625 0.06640625 0.03125 0.0546875
0 0.7875 0.078125 0.05625 0.115625
0 0.7515625 0.0796875 0.046875 0.084375
0 0.68671875 0.10859375 0.0171875 0.0296875
0 0.55390625 0.075 0.0171875 0.028125
0 0.48515625 0.09453125 0.0265625 0.05
0 0.50390625 0.3890625 0.0546875 0.0890625
0 0.40859375 0.08671875 0.0234375 0.0375
0 0.35859375 0.09140625 0.0203125 0.028125
0 0.2921875 0.08984375 0.025 0.0359375
0 0.26640625 0.09375 0.0203125 0.0328125
0 0.23125 0.08515625 0.03125 0.0546875