0 0.8640625 0.29921875 0.034375 0.0546875
0 0.8234375 0.4375 0.040625 0.0734375
0 0.78515625 0.30546875 0.034375 0.0515625
0 0.73046875 0.334375 0.0359375 0.0578125
0 0.7421875 0.3015625 0.0328125 0.0546875
0 0.70390625 0.4640625 0.0390625 0.0671875
0 0.68828125 0.31953125 0.028125 0.0546875
0 0.6578125 0.284375 0.0359375 0.0546875
0 0.6296875 0.31015625 0.0359375 0.0546875
0 0.60234375 0.434375 0.0390625 0.0625
0 0.5890625 0.2828125 0.0296875 0.0484375
0 0.58203125 0.334375 0.0296875 0.0546875
0 0.53671875 0.3203125 0.034375 0.0546875
0 0.4890625 0.34453125 0.0328125 0.0546875
0 0.45390625 0.4421875 0.0390625 0.0640625
0 0.41328125 0.31953125 0.0375 0.0625
0 0.3515625 0.33359375 0.0359375 0.0625
0 0.49765625 0.28984375 0.028125 0.046875
0 0.4484375 0.2859375 0.034375 0.0546875
0 0.41796875 0.27265625 0.0328125 0.0625
0 0.34140625 0.26015625 0.0375 0.059375
0 0.28671875 0.3203125 0.034375 0.0578125
0 0.20703125 0.2640625 0.0421875 0.0671875
0 0.1140625 0.315625 0.04375 0.0625