0 0.2 0.425 0.0375 0.0625
0 0.23203125 0.3921875 0.034375 0.0578125
0 0.28359375 0.40703125 0.025 0.0546875
0 0.3109375 0.3328125 0.028125 0.0484375
0 0.3328125 0.37578125 0.0375 0.0609375
0 0.38515625 0.4671875 0.0328125 0.0625
0 0.38359375 0.3515625 0.0265625 0.05
0 0.42421875 0.40703125 0.034375 0.059375
0 0.46875 0.41328125 0.03125 0.0609375
0 0.44140625 0.33984375 0.0296875 0.0578125
0 0.4734375 0.3234375 0.0328125 0.05625
0 0.53203125 0.39609375 0.0359375 0.0671875
0 0.51796875 0.33515625 0.0328125 0.0546875
0 0.55 0.3265625 0.028125 0.05
0 0.584375 0.36171875 0.028125 0.0546875
0 0.62109375 0.40078125 0.034375 0.0640625
0 0.63359375 0.3375 0.028125 0.0546875
0 0.6625 0.36484375 0.0296875 0.0546875
0 0.69453125 0.42890625 0.034375 0.0609375
0 0.68046875 0.3515625 0.0265625 0.0546875
0 0.7125 0.321875 0.0296875 0.046875
0 0.73125 0.3640625 0.034375 0.0640625
0 0.765625 0.4421875 0.040625 0.0734375
0 0.80234375 0.40234375 0.0359375 0.0671875
0 0.7890625 0.3625 0.034375 0.065625