0 0.1265625 0.5140625 0.0328125 0.05625
0 0.153125 0.565625 0.0359375 0.0578125
0 0.2140625 0.51015625 0.0328125 0.05625
0 0.253125 0.54609375 0.03125 0.059375
0 0.271875 0.52421875 0.0265625 0.0515625
0 0.3171875 0.55703125 0.0328125 0.05625
0 0.328125 0.52734375 0.0265625 0.053125
0 0.3625 0.53828125 0.025 0.0453125
0 0.4578125 0.53828125 0.0328125 0.059375
0 0.4328125 0.53828125 0.025 0.0421875
0 0.47734375 0.540625 0.0296875 0.0515625
0 0.49765625 0.51875 0.028125 0.0515625
0 0.515625 0.5484375 0.03125 0.0546875
0 0.540625 0.5203125 0.028125 0.0546875
0 0.5671875 0.540625 0.0296875 0.0515625
0 0.603125 0.5546875 0.0328125 0.0578125
0 0.6015625 0.5078125 0.0296875 0.04375
0 0.63671875 0.53828125 0.0296875 0.0515625
0 0.6828125 0.50546875 0.025 0.0515625
0 0.675 0.559375 0.0359375 0.059375
0 0.76015625 0.5390625 0.0359375 0.0578125
0 0.790625 0.525 0.03125 0.0484375
0 0.8375 0.54140625 0.0375 0.0625
0 0.3890625 0.553125 0.03125 0.05625