0 0.1265625 0.3546875 0.046875 0.090625
0 0.22265625 0.415625 0.040625 0.08125
0 0.32109375 0.41875 0.0421875 0.08125
0 0.3953125 0.4 0.040625 0.0703125
0 0.4703125 0.42265625 0.04375 0.0734375
0 0.5296875 0.4328125 0.0359375 0.0703125
0 0.61015625 0.4078125 0.0390625 0.0765625
0 0.75546875 0.409375 0.040625 0.0765625
0 0.84609375 0.340625 0.0421875 0.08125
0 0.878125 0.4125 0.0515625 0.0890625
0 0.74375 0.56015625 0.0453125 0.09375
0 0.6671875 0.66328125 0.04375 0.0796875
0 0.58671875 0.65 0.0390625 0.078125
0 0.47734375 0.63671875 0.0484375 0.096875
0 0.28203125 0.6390625 0.04375 0.0765625
0 0.365625 0.6640625 0.046875 0.0765625
0 0.190625 0.2625 0.034375 0.0640625
0 0.259375 0.259375 0.03125 0.0484375
0 0.33828125 0.26796875 0.025 0.046875
0 0.25390625 0.19296875 0.0359375 0.0796875
0 0.30078125 0.22109375 0.0328125 0.0671875
0 0.36328125 0.25703125 0.03125 0.0671875
0 0.4015625 0.20625 0.0328125 0.065625
0 0.459375 0.2375 0.0359375 0.06875
0 0.51484375 0.22734375 0.0359375 0.0671875
0 0.57421875 0.22109375 0.0328125 0.059375
0 0.62578125 0.2703125 0.0328125 0.0640625
0 0.6796875 0.21328125 0.0359375 0.06875
0 0.7375 0.24765625 0.0359375 0.0671875
0 0.78515625 0.26328125 0.0390625 0.0765625
0 0.6640625 0.35703125 0.040625 0.08125