0 0.9734375 0.28359375 0.04375 0.059375
0 0.85859375 0.15546875 0.040625 0.065625
0 0.5625 0.23984375 0.06875 0.1078125
0 0.6390625 0.26484375 0.0609375 0.1
0 0.5640625 0.16171875 0.0328125 0.0453125
0 0.4203125 0.23203125 0.05 0.08125
0 0.43046875 0.2171875 0.0484375 0.0671875
0 0.4234375 0.16953125 0.040625 0.065625
0 0.2953125 0.1921875 0.03125 0.053125
0 0.23984375 0.1875 0.03125 0.046875
0 0.225 0.171875 0.028125 0.046875
0 0.2015625 0.14140625 0.028125 0.05
0 0.1609375 0.13359375 0.028125 0.0375
0 0.45625 0.1484375 0.0234375 0.03125
0 0.3875 0.1328125 0.0234375 0.0328125
0 0.3296875 0.1125 0.0234375 0.03125
0 0.2875 0.12265625 0.01875 0.0234375
0 0.3484375 0.11015625 0.0203125 0.0265625