0 0.12890625 0.3671875 0.0328125 0.0734375
0 0.2640625 0.32109375 0.028125 0.046875
0 0.3265625 0.34609375 0.025 0.0515625
0 0.38125 0.30625 0.0296875 0.05625
0 0.446875 0.34921875 0.021875 0.0453125
0 0.44609375 0.34921875 0.0234375 0.04375
0 0.5046875 0.37890625 0.0234375 0.0484375
0 0.56484375 0.365625 0.028125 0.046875
0 0.6234375 0.3078125 0.03125 0.0671875
0 0.70703125 0.36015625 0.0296875 0.0625
0 0.86875 0.353125 0.034375 0.053125
0 0.01015625 0.59453125 0.0046875 0.0078125
0 0.07421875 0.6015625 0.0046875 0.0078125
0 0.09921875 0.6046875 0.0046875 0.0078125
0 0.13984375 0.59609375 0.0046875 0.0078125
0 0.2 0.6015625 0.003125 0.00625
0 0.68828125 0.6109375 0.0046875 0.0109375
0 0.5671875 0.603125 0.0046875 0.0109375
0 0.54453125 0.5953125 0.0046875 0.0078125
0 0.55234375 0.596875 0.003125 0.0078125
0 0.2515625 0.60390625 0.0015625 0.0046875