0 0.134375 0.29921875 0.034375 0.0546875
0 0.17578125 0.4375 0.040625 0.0734375
0 0.21484375 0.30546875 0.034375 0.0515625
0 0.26953125 0.334375 0.0359375 0.0578125
0 0.2578125 0.3015625 0.0328125 0.0546875
0 0.29609375 0.4640625 0.0390625 0.0671875
0 0.31171875 0.31953125 0.028125 0.0546875
0 0.3421875 0.284375 0.0359375 0.0546875
0 0.3703125 0.31015625 0.0359375 0.0546875
0 0.403125 0.43515625 0.0390625 0.0625
0 0.4109375 0.2828125 0.0296875 0.0484375
0 0.41796875 0.334375 0.0296875 0.0546875
0 0.46328125 0.3203125 0.034375 0.0546875
0 0.50859375 0.3453125 0.0328125 0.0546875
0 0.54609375 0.4421875 0.0390625 0.0640625
0 0.58671875 0.31953125 0.0375 0.0625
0 0.6484375 0.33359375 0.0359375 0.0625
0 0.50234375 0.28984375 0.028125 0.046875
0 0.5515625 0.2859375 0.034375 0.0546875
0 0.58203125 0.27265625 0.0328125 0.0625
0 0.65859375 0.26015625 0.0375 0.059375
0 0.71328125 0.3203125 0.034375 0.0578125
0 0.79296875 0.2640625 0.0421875 0.0671875
0 0.8859375 0.315625 0.04375 0.0625