0 0.0609375 0.45234375 0.05 0.09375
0 0.171875 0.4734375 0.0546875 0.0953125
0 0.203125 0.440625 0.0390625 0.075
0 0.253125 0.48125 0.046875 0.078125
0 0.26953125 0.45078125 0.0421875 0.075
0 0.3609375 0.4296875 0.0390625 0.0703125
0 0.3609375 0.49375 0.04375 0.0796875
0 0.390625 0.45078125 0.0328125 0.0578125
0 0.4390625 0.46484375 0.0390625 0.071875
0 0.4890625 0.41875 0.0375 0.0703125
0 0.55234375 0.47578125 0.0359375 0.071875
0 0.56796875 0.4609375 0.0328125 0.065625
0 0.62109375 0.48984375 0.034375 0.0671875
0 0.640625 0.43671875 0.0359375 0.0578125
0 0.6828125 0.47265625 0.0390625 0.071875
0 0.6953125 0.43359375 0.0328125 0.065625
0 0.76328125 0.4578125 0.034375 0.06875
0 0.809375 0.45703125 0.0375 0.0703125
0 0.8578125 0.47734375 0.0421875 0.075
0 0.95703125 0.48359375 0.0453125 0.08125