0 0.93828125 0.41796875 0.0515625 0.05
0 0.85625 0.3828125 0.015625 0.021875
0 0.7609375 0.41875 0.0390625 0.0453125
0 0.72265625 0.4015625 0.025 0.025
0 0.61328125 0.40546875 0.021875 0.0203125
0 0.60859375 0.3890625 0.015625 0.01875
0 0.54765625 0.3984375 0.01875 0.021875
0 0.5046875 0.4703125 0.0375 0.0421875
0 0.44921875 0.41171875 0.01875 0.0234375
0 0.4484375 0.41015625 0.0171875 0.0203125
0 0.36875 0.4390625 0.040625 0.0453125
0 0.30859375 0.4015625 0.0265625 0.034375
0 0.2234375 0.40546875 0.0328125 0.0328125
0 0.2359375 0.41171875 0.0203125 0.0234375
0 0.19453125 0.39921875 0.0203125 0.0203125
0 0.253125 0.41796875 0.0140625 0.015625
0 0.1234375 0.4125 0.0140625 0.015625
0 0.10390625 0.40390625 0.0125 0.0140625
0 0.084375 0.4 0.0078125 0.00625
0 0.0421875 0.40546875 0.0265625 0.0296875