0 0.0484375 0.47734375 0.075 0.1046875
0 0.08828125 0.31640625 0.0296875 0.046875
0 0.37109375 0.2875 0.1296875 0.2125
0 0.66484375 0.59921875 0.0890625 0.153125
0 0.5375 0.3875 0.025 0.0421875
0 0.571875 0.39921875 0.028125 0.0390625
0 0.63671875 0.38671875 0.0265625 0.0359375
0 0.5953125 0.32109375 0.0125 0.021875
0 0.6265625 0.33671875 0.015625 0.0234375
0 0.703125 0.33515625 0.015625 0.021875
0 0.7171875 0.334375 0.0125 0.01875
0 0.75078125 0.321875 0.0140625 0.01875
0 0.9453125 0.38125 0.021875 0.0375
0 0.94375 0.33359375 0.0125 0.015625