0 0.41875 0.48046875 0.025 0.040625
0 0.3890625 0.47734375 0.028125 0.05
0 0.42734375 0.546875 0.01875 0.0265625
0 0.49453125 0.46875 0.03125 0.0484375
0 0.55859375 0.459375 0.0296875 0.0390625
0 0.52109375 0.47421875 0.025 0.0390625
0 0.57578125 0.44296875 0.025 0.040625
0 0.596875 0.49921875 0.025 0.0359375
0 0.6296875 0.46484375 0.025 0.04375
0 0.59609375 0.45703125 0.0234375 0.0359375
0 0.78203125 0.47109375 0.0390625 0.05
0 0.81328125 0.52890625 0.0359375 0.0453125
0 0.91875 0.459375 0.03125 0.0515625
0 0.97890625 0.478125 0.03125 0.0421875
0 0.9546875 0.49609375 0.028125 0.0421875