0 0.04765625 0.496875 0.0578125 0.090625
0 0.1859375 0.3375 0.059375 0.1078125
0 0.16875 0.2640625 0.05625 0.1015625
0 0.04140625 0.2703125 0.05 0.096875
0 0.0859375 0.21796875 0.0421875 0.0765625
0 0.16171875 0.23828125 0.046875 0.0828125
0 0.26328125 0.2640625 0.0296875 0.05
0 0.23671875 0.2640625 0.025 0.040625
0 0.29609375 0.275 0.025 0.04375
0 0.34453125 0.296875 0.0234375 0.05625
0 0.38125 0.2828125 0.0390625 0.075
0 0.4640625 0.259375 0.0421875 0.075
0 0.528125 0.25703125 0.0359375 0.06875
0 0.009375 0.25234375 0.01875 0.0484375