0 0.16328125 0.21640625 0.103125 0.090625
0 0.39765625 0.28203125 0.1171875 0.115625
0 0.5984375 0.1765625 0.1015625 0.0890625
0 0.41953125 0.1828125 0.0109375 0.0078125
0 0.26875 0.2375 0.015625 0.015625
0 0.30390625 0.24140625 0.015625 0.015625
0 0.34375 0.24296875 0.0171875 0.0140625
0 0.4625 0.25078125 0.01875 0.015625
0 0.49375 0.24375 0.0125 0.0140625
0 0.72578125 0.253125 0.01875 0.0140625
0 0.77734375 0.19375 0.0125 0.009375
0 0.77578125 0.23984375 0.01875 0.0140625
0 0.79453125 0.2421875 0.01875 0.0140625
0 0.82265625 0.24453125 0.01875 0.0171875
0 0.9109375 0.25234375 0.0609375 0.0609375