0 0.7515625 0.51328125 0.028125 0.05
0 0.8015625 0.52109375 0.025 0.034375
0 0.79140625 0.5453125 0.021875 0.034375
0 0.609375 0.5265625 0.028125 0.046875
0 0.5765625 0.5453125 0.0296875 0.05
0 0.5484375 0.521875 0.028125 0.04375
0 0.48828125 0.54140625 0.0296875 0.04375
0 0.4109375 0.5390625 0.0453125 0.084375
0 0.4453125 0.56640625 0.0375 0.0640625
0 0.315625 0.49453125 0.03125 0.0515625
0 0.0890625 0.49765625 0.053125 0.0890625
0 0.446875 0.52265625 0.015625 0.025
0 0.53203125 0.52890625 0.0125 0.0203125
0 0.9078125 0.4859375 0.025 0.0390625