0 0.04375 0.778125 0.015625 0.0234375
0 0.0390625 0.77421875 0.015625 0.0203125
0 0.12578125 0.75625 0.0171875 0.0203125
0 0.25234375 0.7546875 0.0171875 0.0265625
0 0.29296875 0.74375 0.0203125 0.0359375
0 0.55390625 0.72265625 0.0234375 0.0421875
0 0.6078125 0.7515625 0.00625 0.0109375
0 0.6203125 0.759375 0.009375 0.0125
0 0.63046875 0.7515625 0.0078125 0.0109375
0 0.63828125 0.75859375 0.0078125 0.0109375
0 0.6640625 0.74921875 0.009375 0.015625
0 0.73515625 0.73359375 0.0140625 0.0203125
0 0.7828125 0.74375 0.0125 0.01875
0 0.86640625 0.725 0.0140625 0.0203125