0 0.25390625 0.66328125 0.021875 0.03125
0 0.275 0.68203125 0.0171875 0.0328125
0 0.21875 0.72734375 0.0140625 0.028125
0 0.19453125 0.71484375 0.0109375 0.0203125
0 0.15390625 0.746875 0.0109375 0.015625
0 0.3359375 0.71015625 0.015625 0.025
0 0.375 0.696875 0.0171875 0.0390625
0 0.475 0.62890625 0.028125 0.05
0 0.53671875 0.6203125 0.028125 0.05
0 0.71015625 0.63984375 0.0265625 0.0484375
0 0.778125 0.6921875 0.021875 0.034375
0 0.82265625 0.65234375 0.0296875 0.05
0 0.83203125 0.66484375 0.0234375 0.04375
0 0.8796875 0.671875 0.0296875 0.04375
0 0.91640625 0.6890625 0.025 0.0359375
0 0.975 0.5890625 0.0390625 0.0703125