0 0.06953125 0.58125 0.01875 0.0375
0 0.0546875 0.553125 0.0234375 0.04375
0 0.20234375 0.53671875 0.0296875 0.059375
0 0.18671875 0.53359375 0.05 0.0828125
0 0.221875 0.56875 0.0375 0.071875
0 0.24609375 0.56484375 0.03125 0.0546875
0 0.39296875 0.565625 0.0140625 0.03125
0 0.41640625 0.56953125 0.015625 0.03125
0 0.5875 0.56484375 0.0109375 0.0203125
0 0.55703125 0.56875 0.0109375 0.0203125
0 0.51328125 0.54453125 0.025 0.0515625
0 0.578125 0.56171875 0.009375 0.015625
0 0.66015625 0.5625 0.0296875 0.059375
0 0.6984375 0.51484375 0.0234375 0.046875