0 0.0765625 0.4765625 0.0328125 0.05
0 0.178125 0.4765625 0.025 0.0375
0 0.1609375 0.47578125 0.0265625 0.0421875
0 0.134375 0.49296875 0.0125 0.01875
0 0.20625 0.48203125 0.015625 0.021875
0 0.24921875 0.540625 0.021875 0.0265625
0 0.2546875 0.46171875 0.0296875 0.0421875
0 0.35625 0.48828125 0.028125 0.040625
0 0.38046875 0.4953125 0.0078125 0.0125
0 0.40703125 0.49765625 0.028125 0.0390625
0 0.44765625 0.4859375 0.0109375 0.0125
0 0.4671875 0.4828125 0.0140625 0.0171875
0 0.534375 0.4734375 0.0125 0.01875
0 0.56015625 0.484375 0.009375 0.015625
0 0.55078125 0.48828125 0.0140625 0.0203125
0 0.58984375 0.48984375 0.015625 0.0234375
0 0.62578125 0.49453125 0.0046875 0.0109375
0 0.671875 0.51015625 0.0296875 0.0453125
0 0.7296875 0.4796875 0.0234375 0.0359375
0 0.80390625 0.52578125 0.0421875 0.0625
0 0.8625 0.475 0.009375 0.0140625
0 0.875 0.48203125 0.0078125 0.0140625
0 0.88828125 0.48203125 0.0078125 0.0140625
0 0.7703125 0.5 0.0359375 0.065625