0 0.08984375 0.3359375 0.04375 0.0625
0 0.1265625 0.35234375 0.03125 0.05
0 0.19453125 0.3953125 0.025 0.0421875
0 0.27109375 0.3765625 0.0328125 0.0515625
0 0.26640625 0.38359375 0.0375 0.0609375
0 0.2953125 0.42578125 0.0296875 0.05
0 0.3484375 0.38828125 0.0359375 0.05
0 0.37578125 0.3859375 0.0421875 0.0609375
0 0.4359375 0.3234375 0.0609375 0.1125
0 0.4375 0.35 0.04375 0.0640625
0 0.5671875 0.3265625 0.0578125 0.0734375
0 0.69765625 0.41328125 0.028125 0.053125
0 0.92265625 0.42890625 0.034375 0.05