0 0.04140625 0.22734375 0.0296875 0.06875
0 0.12578125 0.20234375 0.0296875 0.0625
0 0.19609375 0.23828125 0.025 0.0671875
0 0.25 0.20859375 0.028125 0.06875
0 0.33671875 0.23203125 0.025 0.059375
0 0.36484375 0.25703125 0.025 0.0625
0 0.42578125 0.215625 0.03125 0.0734375
0 0.48203125 0.26171875 0.0296875 0.0625
0 0.5234375 0.23828125 0.03125 0.071875
0 0.58671875 0.24765625 0.0328125 0.0671875
0 0.66328125 0.23359375 0.03125 0.0703125
0 0.7125 0.209375 0.0359375 0.08125
0 0.759375 0.225 0.0359375 0.0734375
0 0.85625 0.5890625 0.0296875 0.0640625
0 0.8515625 0.27734375 0.0359375 0.0796875
0 0.93828125 0.2859375 0.0375 0.0859375