0 0.71171875 0.4328125 0.0390625 0.065625
0 0.80625 0.3859375 0.034375 0.0609375
0 0.8625 0.4453125 0.034375 0.0546875
0 0.94453125 0.44296875 0.0140625 0.0234375
0 0.64453125 0.5234375 0.0171875 0.0265625
0 0.5140625 0.528125 0.0125 0.0234375
0 0.45859375 0.515625 0.0171875 0.025
0 0.421875 0.51328125 0.015625 0.025
0 0.446875 0.57265625 0.028125 0.040625
0 0.44609375 0.575 0.0234375 0.0359375
0 0.15078125 0.4375 0.0109375 0.015625
0 0.18671875 0.4359375 0.0078125 0.0140625
0 0.3640625 0.5484375 0.015625 0.0265625
0 0.334375 0.5484375 0.01875 0.0359375
0 0.28046875 0.55625 0.0265625 0.0421875
0 0.228125 0.5828125 0.03125 0.0515625
0 0.24375 0.59765625 0.0375 0.05
0 0.18359375 0.58203125 0.0296875 0.05
0 0.11015625 0.60078125 0.0328125 0.05625