0 0.30234375 0.27265625 0.03125 0.0734375
0 0.434375 0.3140625 0.0203125 0.046875
0 0.49296875 0.34453125 0.0171875 0.0359375
0 0.5640625 0.32265625 0.021875 0.0640625
0 0.58515625 0.39921875 0.01875 0.0421875
0 0.596875 0.334375 0.015625 0.03125
0 0.6171875 0.3265625 0.0140625 0.0390625
0 0.64375 0.3234375 0.01875 0.0421875
0 0.6484375 0.309375 0.021875 0.0578125
0 0.6921875 0.29921875 0.0234375 0.05625
0 0.75078125 0.32578125 0.015625 0.0390625
0 0.7703125 0.32734375 0.015625 0.034375
0 0.67109375 0.32421875 0.015625 0.040625
0 0.8359375 0.303125 0.01875 0.0359375
0 0.8765625 0.3328125 0.0140625 0.0359375
0 0.92265625 0.31484375 0.0203125 0.040625
0 0.94921875 0.29296875 0.0203125 0.0421875
0 0.9578125 0.29140625 0.0171875 0.0390625