0 0.79609375 0.4953125 0.0234375 0.040625
0 0.77109375 0.4734375 0.0234375 0.0375
0 0.71484375 0.44375 0.0234375 0.0421875
0 0.64296875 0.4671875 0.025 0.040625
0 0.5296875 0.4515625 0.025 0.0375
0 0.553125 0.4640625 0.0234375 0.0375
0 0.50078125 0.4609375 0.0234375 0.0421875
0 0.4359375 0.46015625 0.028125 0.0453125
0 0.40625 0.4515625 0.0203125 0.0328125
0 0.35390625 0.43125 0.015625 0.0234375
0 0.30546875 0.4265625 0.0109375 0.0234375
0 0.1546875 0.42265625 0.0171875 0.0296875
0 0.24140625 0.2703125 0.0078125 0.0109375
0 0.2890625 0.2796875 0.009375 0.015625
0 0.28515625 0.28984375 0.00625 0.0109375
0 0.30859375 0.2671875 0.0109375 0.0203125
0 0.2828125 0.23359375 0.0078125 0.0125
0 0.240625 0.22890625 0.00625 0.0125
0 0.22734375 0.1546875 0.009375 0.015625
0 0.25078125 0.15625 0.0078125 0.0125
0 0.29609375 0.14140625 0.0078125 0.0125