0 0.84609375 0.13671875 0.0546875 0.0875
0 0.9421875 0.29765625 0.0296875 0.0703125
0 0.7765625 0.41328125 0.028125 0.0515625
0 0.703125 0.3140625 0.0359375 0.0609375
0 0.6234375 0.33359375 0.034375 0.0671875
0 0.6 0.4828125 0.0171875 0.0296875
0 0.56875 0.5703125 0.0078125 0.015625
0 0.51015625 0.37109375 0.03125 0.0609375
0 0.490625 0.4296875 0.0203125 0.04375
0 0.4328125 0.365625 0.0375 0.0609375
0 0.39921875 0.48359375 0.0140625 0.028125
0 0.31171875 0.540625 0.0109375 0.025
0 0.24375 0.54609375 0.0125 0.021875
0 0.22109375 0.53359375 0.0109375 0.021875
0 0.1796875 0.60625 0.00625 0.009375
0 0.1703125 0.5046875 0.0140625 0.0265625
0 0.12734375 0.49453125 0.015625 0.028125
0 0.14765625 0.596875 0.0046875 0.0078125