0 0.16015625 0.71875 0.0171875 0.0234375
0 0.1703125 0.734375 0.021875 0.0375
0 0.225 0.71484375 0.015625 0.0234375
0 0.2578125 0.696875 0.009375 0.0171875
0 0.25234375 0.69609375 0.0171875 0.021875
0 0.32734375 0.709375 0.0140625 0.025
0 0.36640625 0.6953125 0.0125 0.0234375
0 0.403125 0.70703125 0.0171875 0.0265625
0 0.43046875 0.69453125 0.015625 0.025
0 0.45703125 0.675 0.0125 0.0203125
0 0.48046875 0.69375 0.009375 0.0171875
0 0.4953125 0.6765625 0.009375 0.015625
0 0.51484375 0.68046875 0.009375 0.015625
0 0.5109375 0.68828125 0.0125 0.0203125
0 0.53203125 0.6828125 0.0125 0.01875