0 0.87890625 0.45 0.009375 0.0171875
0 0.56015625 0.44375 0.015625 0.034375
0 0.52578125 0.48125 0.0265625 0.05
0 0.5015625 0.36640625 0.028125 0.05
0 0.40078125 0.38359375 0.0203125 0.0375
0 0.3578125 0.496875 0.021875 0.040625
0 0.321875 0.43671875 0.01875 0.04375
0 0.29609375 0.40078125 0.0234375 0.040625
0 0.26875 0.39375 0.01875 0.0421875
0 0.21328125 0.34765625 0.0265625 0.05
0 0.18984375 0.32421875 0.03125 0.065625
0 0.15234375 0.38125 0.0234375 0.059375
0 0.115625 0.371875 0.0234375 0.04375
0 0.02265625 0.33828125 0.03125 0.06875
0 0.04296875 0.38203125 0.0234375 0.053125