0 0.34453125 0.7984375 0.05 0.103125
0 0.259375 0.64375 0.046875 0.09375
0 0.35703125 0.63203125 0.0484375 0.1046875
0 0.33359375 0.515625 0.0421875 0.078125
0 0.2140625 0.48984375 0.046875 0.0859375
0 0.19140625 0.4296875 0.0375 0.065625
0 0.2671875 0.421875 0.025 0.0734375
0 0.29375 0.48828125 0.0328125 0.0828125
0 0.17421875 0.67578125 0.0546875 0.1
0 0.21328125 0.62890625 0.04375 0.103125
0 0.1 0.3515625 0.040625 0.08125
0 0.1265625 0.31328125 0.0296875 0.0671875
0 0.15625 0.37265625 0.03125 0.06875
0 0.63515625 0.28046875 0.0359375 0.075
0 0.63671875 0.23203125 0.034375 0.0828125
0 0.79921875 0.415625 0.053125 0.0828125
0 0.8828125 0.63515625 0.040625 0.0921875
0 0.9609375 0.5109375 0.0578125 0.1
0 0.9234375 0.715625 0.0421875 0.0859375
0 0.7890625 0.76875 0.0484375 0.084375
0 0.7609375 0.86015625 0.0546875 0.1015625
0 0.1015625 0.64140625 0.0453125 0.071875
0 0.42265625 0.325 0.0453125 0.0734375
0 0.71796875 0.85 0.0546875 0.09375
0 0.60234375 0.84921875 0.04375 0.0859375
0 0.48046875 0.8109375 0.059375 0.0875
0 0.71484375 0.4390625 0.05 0.08125
0 0.77578125 0.5171875 0.05625 0.0859375
0 0.19765625 0.884375 0.0546875 0.0953125
0 0.04140625 0.8609375 0.06875 0.096875
0 0.07109375 0.53046875 0.046875 0.0921875
0 0.0546875 0.4953125 0.046875 0.065625
0 0.09375 0.4265625 0.046875 0.0734375