0 0.753125 0.571875 0.08125 0.1453125
0 0.9625 0.4890625 0.065625 0.134375
0 0.8890625 0.346875 0.078125 0.1453125
0 0.90546875 0.19609375 0.0734375 0.11875
0 0.9765625 0.065625 0.046875 0.125
0 0.81953125 0.07890625 0.0734375 0.1421875
0 0.8859375 0.04296875 0.0625 0.08125
0 0.7203125 0.178125 0.071875 0.15
0 0.60234375 0.2515625 0.0765625 0.175
0 0.58671875 0.1265625 0.0734375 0.125
0 0.51015625 0.0640625 0.0734375 0.121875
0 0.265625 0.225 0.06875 0.1453125
0 0.19296875 0.2015625 0.0703125 0.1421875
0 0.140625 0.303125 0.078125 0.1609375
0 0.0734375 0.375 0.08125 0.15625
0 0.2296875 0.5015625 0.08125 0.18125
0 0.37421875 0.4015625 0.0734375 0.13125
0 0.63203125 0.54609375 0.0734375 0.159375
0 0.04765625 0.096875 0.0703125 0.1671875
0 0.115625 0.06953125 0.06875 0.134375
0 0.0625 0.265625 0.08125 0.1421875