0 0.43046875 0.578125 0.034375 0.0703125
0 0.16875 0.29765625 0.028125 0.05625
0 0.0390625 0.6484375 0.040625 0.0703125
0 0.15859375 0.56875 0.0328125 0.059375
0 0.2265625 0.425 0.0328125 0.06875
0 0.23046875 0.528125 0.028125 0.0640625
0 0.296875 0.37734375 0.0234375 0.046875
0 0.33984375 0.325 0.028125 0.0515625
0 0.325 0.5734375 0.0375 0.0859375
0 0.3609375 0.4453125 0.0296875 0.0609375
0 0.4765625 0.325 0.0265625 0.0578125
0 0.33203125 0.65078125 0.03125 0.0671875
0 0.46640625 0.45703125 0.028125 0.05625
0 0.54296875 0.35234375 0.0234375 0.059375
0 0.56640625 0.38984375 0.028125 0.0578125
0 0.58515625 0.309375 0.0296875 0.0609375
0 0.6375 0.3640625 0.028125 0.0609375
0 0.57734375 0.60546875 0.034375 0.0625
0 0.525 0.8015625 0.0359375 0.0671875
0 0.57265625 0.78671875 0.034375 0.0703125
0 0.62109375 0.63359375 0.0359375 0.071875
0 0.63515625 0.69296875 0.0359375 0.071875
0 0.72734375 0.38828125 0.03125 0.0625
0 0.6640625 0.57890625 0.0328125 0.059375
0 0.7109375 0.56015625 0.03125 0.059375
0 0.7046875 0.68984375 0.034375 0.0625
0 0.72578125 0.81484375 0.0390625 0.0734375
0 0.81484375 0.36484375 0.0265625 0.0703125
0 0.74921875 0.30703125 0.028125 0.046875
0 0.80234375 0.63515625 0.0296875 0.0828125
0 0.82265625 0.74140625 0.0359375 0.08125
0 0.8453125 0.55859375 0.0359375 0.075
0 0.89453125 0.403125 0.03125 0.0578125
0 0.921875 0.55 0.0390625 0.0640625
0 0.9828125 0.434375 0.034375 0.0703125
0 0.91015625 0.7390625 0.0421875 0.096875
0 0.92578125 0.95234375 0.0453125 0.0953125
0 0.98515625 0.7875 0.0296875 0.08125
0 0.134375 0.40390625 0.0328125 0.0453125
0 0.12421875 0.46953125 0.040625 0.0546875
0 0.10390625 0.778125 0.0359375 0.0625
0 0.25234375 0.8328125 0.0375 0.05625
0 0.2 0.64375 0.0453125 0.0671875
0 0.23671875 0.66484375 0.0375 0.059375
0 0.25546875 0.65 0.0390625 0.0625
0 0.70234375 0.634375 0.0421875 0.0640625
0 0.85703125 0.703125 0.0453125 0.0640625
0 0.840625 0.63984375 0.04375 0.0671875
0 0.94765625 0.646875 0.05 0.05625
0 0.0375 0.37109375 0.034375 0.053125