0 0.45625 0.19453125 0.075 0.1390625
0 0.56640625 0.24453125 0.0734375 0.171875
0 0.75859375 0.371875 0.0765625 0.1609375
0 0.32578125 0.359375 0.0828125 0.153125
0 0.18515625 0.3234375 0.0796875 0.1859375
0 0.25625 0.3 0.071875 0.1609375
0 0.2921875 0.14609375 0.059375 0.125
0 0.36640625 0.06640625 0.0703125 0.128125
0 0.02890625 0.46640625 0.0546875 0.1328125
0 0.03671875 0.21796875 0.0703125 0.1703125
0 0.92265625 0.0765625 0.0671875 0.109375
0 0.8125 0.0390625 0.075 0.071875
0 0.65703125 0.15 0.0671875 0.1453125
0 0.603125 0.4125 0.0875 0.146875
0 0.29296875 0.86640625 0.1078125 0.1609375