0 0.7375 0.55703125 0.0875 0.18125
0 0.675 0.3890625 0.0875 0.15625
0 0.86796875 0.20390625 0.0828125 0.175
0 0.603125 0.2125 0.078125 0.125
0 0.65546875 0.2625 0.0828125 0.1359375
0 0.353125 0.35 0.084375 0.15
0 0.346875 0.21640625 0.078125 0.1390625
0 0.26640625 0.178125 0.0734375 0.1453125
0 0.18046875 0.078125 0.0828125 0.15
0 0.17265625 0.278125 0.0828125 0.1609375
0 0.3046875 0.678125 0.0875 0.1609375
0 0.203125 0.65 0.08125 0.15625
0 0.575 0.5984375 0.065625 0.1359375
0 0.928125 0.209375 0.0625 0.146875
0 0.859375 0.06796875 0.06875 0.1296875
0 0.96796875 0.0734375 0.0640625 0.1421875
0 0.5203125 0.08046875 0.071875 0.134375
0 0.44375 0.2140625 0.075 0.134375