0 0.70625 0.53046875 0.065625 0.15
0 0.83984375 0.565625 0.0703125 0.159375
0 0.85078125 0.84609375 0.1140625 0.146875
0 0.79453125 0.190625 0.0671875 0.153125
0 0.8421875 0.36796875 0.084375 0.1640625
0 0.96484375 0.175 0.0671875 0.1171875
0 0.64296875 0.115625 0.0765625 0.1359375
0 0.59453125 0.20859375 0.0703125 0.15625
0 0.53671875 0.2609375 0.0828125 0.178125
0 0.3421875 0.4109375 0.078125 0.134375
0 0.1609375 0.49140625 0.0875 0.1671875
0 0.11875 0.65703125 0.084375 0.153125
0 0.09296875 0.2640625 0.0703125 0.15
0 0.15546875 0.0984375 0.0703125 0.159375
0 0.2625 0.175 0.065625 0.1390625
0 0.340625 0.21953125 0.06875 0.15
0 0.18984375 0.28203125 0.0765625 0.146875
0 0.56640625 0.05703125 0.0640625 0.109375
0 0.03203125 0.3890625 0.0609375 0.178125
0 0.06875 0.075 0.075 0.1453125