0 0.87421875 0.14453125 0.0609375 0.134375
0 0.82734375 0.2234375 0.0734375 0.1359375
0 0.73125 0.15859375 0.078125 0.15
0 0.58671875 0.24609375 0.0734375 0.1359375
0 0.50859375 0.1515625 0.059375 0.1421875
0 0.31953125 0.17109375 0.0671875 0.146875
0 0.103125 0.16796875 0.075 0.153125
0 0.165625 0.3375 0.090625 0.1578125
0 0.10234375 0.5390625 0.0890625 0.1671875
0 0.30234375 0.5125 0.0828125 0.159375
0 0.32734375 0.65859375 0.0875 0.153125
0 0.76484375 0.8859375 0.1109375 0.1890625
0 0.740625 0.39609375 0.09375 0.1921875
0 0.53125 0.36953125 0.084375 0.15
0 0.928125 0.1015625 0.0625 0.1203125