0 0.3609375 0.84453125 0.115625 0.1671875
0 0.725 0.240625 0.0875 0.1640625
0 0.88671875 0.07109375 0.0671875 0.1140625
0 0.60625 0.13046875 0.071875 0.134375
0 0.51796875 0.24609375 0.0734375 0.146875
0 0.878125 0.171875 0.078125 0.1453125
0 0.065625 0.26640625 0.08125 0.15
0 0.2390625 0.16640625 0.065625 0.121875
0 0.23984375 0.31640625 0.0796875 0.171875
0 0.403125 0.2 0.06875 0.1453125
0 0.375 0.3484375 0.075 0.153125
0 0.63125 0.39609375 0.078125 0.1578125
0 0.6765625 0.16640625 0.06875 0.1390625
0 0.30703125 0.059375 0.0609375 0.1140625