0 0.28515625 0.49375 0.0390625 0.084375
0 0.35078125 0.51875 0.03125 0.059375
0 0.309375 0.42421875 0.03125 0.05
0 0.20390625 0.63203125 0.0375 0.071875
0 0.13515625 0.5453125 0.0375 0.078125
0 0.2953125 0.72109375 0.0453125 0.0921875
0 0.37734375 0.71171875 0.040625 0.0953125
0 0.3078125 0.615625 0.03125 0.065625
0 0.38046875 0.321875 0.025 0.053125
0 0.38125 0.37734375 0.03125 0.0609375
0 0.41328125 0.375 0.0296875 0.0578125
0 0.43515625 0.44296875 0.034375 0.0765625
0 0.47890625 0.51953125 0.028125 0.05625
0 0.41015625 0.64453125 0.04375 0.1
0 0.490625 0.65625 0.04375 0.09375
0 0.48828125 0.39921875 0.0359375 0.05625
0 0.55 0.346875 0.034375 0.0671875
0 0.5453125 0.64140625 0.040625 0.08125
0 0.53984375 0.74921875 0.0484375 0.0828125
0 0.6734375 0.40390625 0.0359375 0.06875
0 0.67265625 0.646875 0.0296875 0.05625
0 0.64453125 0.74375 0.04375 0.06875
0 0.65703125 0.91015625 0.0421875 0.06875
0 0.6625 0.6984375 0.0359375 0.078125
0 0.73359375 0.93984375 0.046875 0.0703125
0 0.7484375 0.7203125 0.0390625 0.0734375
0 0.76171875 0.42265625 0.0328125 0.0703125
0 0.77890625 0.6328125 0.0390625 0.0640625
0 0.865625 0.7390625 0.05 0.0890625
0 0.85546875 0.3984375 0.034375 0.0703125
0 0.853125 0.3390625 0.0359375 0.059375
0 0.91484375 0.60859375 0.0375 0.075
0 0.1265625 0.7546875 0.040625 0.0609375
0 0.953125 0.4859375 0.0359375 0.0625
0 0.83828125 0.4578125 0.0375 0.0625
0 0.25859375 0.90234375 0.053125 0.0734375
0 0.11171875 0.9171875 0.053125 0.075
0 0.04921875 0.85546875 0.0375 0.0671875
0 0.01484375 0.82265625 0.0296875 0.0875
0 0.18671875 0.65 0.0390625 0.065625
0 0.25234375 0.74609375 0.040625 0.0578125
0 0.26875 0.5796875 0.034375 0.0671875
0 0.08984375 0.58203125 0.0421875 0.0578125
0 0.03671875 0.5875 0.0375 0.075
0 0.075 0.428125 0.0359375 0.05625
0 0.2078125 0.41171875 0.0375 0.0546875
0 0.15 0.39453125 0.0390625 0.046875
0 0.15078125 0.3515625 0.0453125 0.05625
0 0.05546875 0.6984375 0.0359375 0.0703125
0 0.17578125 0.75078125 0.046875 0.059375
0 0.06875 0.33203125 0.0375 0.0578125
0 0.72421875 0.86875 0.05 0.0671875