0 0.54296875 0.23046875 0.0703125 0.15
0 0.6875 0.14609375 0.059375 0.1359375
0 0.8375 0.4734375 0.06875 0.146875
0 0.7359375 0.19296875 0.06875 0.175
0 0.91171875 0.14140625 0.0671875 0.1453125
0 0.9796875 0.06796875 0.040625 0.125
0 0.40078125 0.15 0.0890625 0.1453125
0 0.2390625 0.159375 0.078125 0.1421875
0 0.23125 0.26640625 0.06875 0.1390625
0 0.09921875 0.37890625 0.0765625 0.175
0 0.30078125 0.46796875 0.0828125 0.1703125
0 0.4453125 0.271875 0.078125 0.15625
0 0.16015625 0.10390625 0.0578125 0.103125
0 0.590625 0.11484375 0.0671875 0.128125
0 0.653125 0.0515625 0.0703125 0.0984375
0 0.40625 0.4671875 0.0734375 0.1640625