0 0.67890625 0.5875 0.0859375 0.159375
0 0.96640625 0.540625 0.0671875 0.1640625
0 0.7234375 0.36953125 0.075 0.1390625
0 0.91171875 0.21953125 0.0765625 0.171875
0 0.8296875 0.08359375 0.078125 0.1609375
0 0.93046875 0.0765625 0.0796875 0.1359375
0 0.56484375 0.21640625 0.0765625 0.1171875
0 0.596875 0.2890625 0.078125 0.1453125
0 0.3984375 0.34296875 0.06875 0.1640625
0 0.52421875 0.625 0.0609375 0.1453125
0 0.25234375 0.69296875 0.0765625 0.1640625
0 0.14921875 0.65703125 0.0796875 0.1640625
0 0.1375 0.32109375 0.075 0.153125
0 0.2171875 0.18203125 0.071875 0.146875
0 0.29453125 0.234375 0.0671875 0.153125
0 0.13125 0.090625 0.071875 0.1640625