0 0.36328125 0.68203125 0.0765625 0.1640625
0 0.6296875 0.584375 0.065625 0.1640625
0 0.79765625 0.5640625 0.0859375 0.1890625
0 0.6953125 0.275 0.059375 0.15
0 0.63515625 0.21796875 0.0609375 0.125
0 0.6296875 0.378125 0.075 0.1453125
0 0.55859375 0.1 0.0734375 0.1453125
0 0.83515625 0.21796875 0.0765625 0.153125
0 0.896875 0.071875 0.071875 0.1390625
0 0.96953125 0.209375 0.0609375 0.146875
0 0.31328125 0.36640625 0.0890625 0.1453125
0 0.22109375 0.27890625 0.0796875 0.153125
0 0.3140625 0.1609375 0.06875 0.1390625
0 0.2265625 0.08046875 0.075 0.15625
0 0.06796875 0.328125 0.0796875 0.15
0 0.4375 0.05546875 0.059375 0.10625
0 0.2734375 0.65390625 0.075 0.1640625
0 0.1890625 0.5265625 0.0875 0.140625
0 0.4078125 0.215625 0.08125 0.125