0 0.9015625 0.5359375 0.075 0.178125
0 0.7984375 0.36796875 0.078125 0.1359375
0 0.8 0.225 0.078125 0.1453125
0 0.79765625 0.075 0.0765625 0.134375
0 0.884375 0.08203125 0.08125 0.1421875
0 0.9703125 0.18046875 0.059375 0.171875
0 0.553125 0.1859375 0.078125 0.15625
0 0.44453125 0.3265625 0.0765625 0.146875
0 0.3015625 0.48046875 0.08125 0.134375
0 0.45703125 0.6375 0.0671875 0.153125
0 0.1546875 0.2 0.06875 0.1390625
0 0.05859375 0.0984375 0.0765625 0.153125
0 0.06640625 0.30703125 0.0828125 0.146875
0 0.07109375 0.67109375 0.0796875 0.1796875
0 0.178125 0.71796875 0.0875 0.159375
0 0.19609375 0.32109375 0.0765625 0.1640625
0 0.43203125 0.1265625 0.0671875 0.146875
0 0.49921875 0.07890625 0.0671875 0.153125