0 0.60546875 0.16796875 0.0671875 0.153125
0 0.73984375 0.53359375 0.0703125 0.1453125
0 0.81875 0.178125 0.071875 0.1609375
0 0.8875 0.06640625 0.06875 0.128125
0 0.85234375 0.30546875 0.0703125 0.128125
0 0.43984375 0.25 0.0703125 0.15
0 0.2796875 0.203125 0.08125 0.1671875
0 0.19453125 0.36953125 0.0734375 0.15625
0 0.04453125 0.34609375 0.0859375 0.1703125
0 0.1125 0.28359375 0.075 0.15
0 0.1421875 0.1734375 0.0734375 0.125
0 0.08515625 0.121875 0.0640625 0.1171875
0 0.546875 0.05546875 0.0625 0.10625
0 0.65546875 0.40859375 0.0796875 0.1671875
0 0.0359375 0.8640625 0.06875 0.1671875
0 0.48046875 0.43125 0.0765625 0.1484375
0 0.4609375 0.04296875 0.075 0.0859375