0 0.84375 0.0734375 0.0625 0.1421875
0 0.778125 0.19296875 0.065625 0.1359375
0 0.78671875 0.53046875 0.0734375 0.15
0 0.96484375 0.53046875 0.0703125 0.184375
0 0.21484375 0.371875 0.0859375 0.1671875
0 0.278125 0.24296875 0.075 0.1640625
0 0.3609375 0.25546875 0.075 0.14375
0 0.44921875 0.14140625 0.0734375 0.15
0 0.36484375 0.06640625 0.0765625 0.128125
0 0.246875 0.05546875 0.075 0.10625
0 0.07109375 0.2484375 0.0765625 0.159375
0 0.05859375 0.534375 0.0859375 0.1703125
0 0.35 0.459375 0.09375 0.18125
0 0.55625 0.19296875 0.078125 0.1703125
0 0.69375 0.0734375 0.071875 0.13125
0 0.70625 0.21953125 0.08125 0.2
0 0.540625 0.6265625 0.078125 0.159375