0 0.85859375 0.50859375 0.0828125 0.1609375
0 0.31015625 0.4625 0.0765625 0.146875
0 0.45859375 0.396875 0.0703125 0.128125
0 0.43359375 0.2359375 0.0703125 0.134375
0 0.51015625 0.1375 0.0703125 0.146875
0 0.4328125 0.071875 0.075 0.1390625
0 0.16484375 0.3765625 0.0796875 0.1578125
0 0.1875 0.23359375 0.0875 0.15
0 0.06015625 0.328125 0.0734375 0.15
0 0.09453125 0.209375 0.0671875 0.125
0 0.1859375 0.06640625 0.071875 0.128125
0 0.74296875 0.078125 0.0796875 0.15
0 0.9078125 0.065625 0.06875 0.125
0 0.9171875 0.2375 0.065625 0.1421875
0 0.95078125 0.33203125 0.0640625 0.1421875
0 0.8375 0.184375 0.075 0.1203125
0 0.66796875 0.25 0.0828125 0.1671875
0 0.62421875 0.60703125 0.0859375 0.146875