0 0.26796875 0.228125 0.0796875 0.178125
0 0.38515625 0.2859375 0.0890625 0.171875
0 0.5515625 0.190625 0.075 0.1640625
0 0.79296875 0.090625 0.0703125 0.1359375
0 0.96796875 0.15546875 0.0640625 0.1390625
0 0.9140625 0.48046875 0.075 0.15
0 0.3359375 0.596875 0.084375 0.184375
0 0.08359375 0.315625 0.0703125 0.159375
0 0.07265625 0.1890625 0.0796875 0.128125
0 0.18125 0.0625 0.084375 0.1203125
0 0.4359375 0.071875 0.06875 0.1390625
0 0.7015625 0.0484375 0.071875 0.0921875
0 0.19140625 0.41640625 0.0765625 0.1609375
0 0.5671875 0.8375 0.1125 0.159375
0 0.73671875 0.37890625 0.0921875 0.18125