0 0.65546875 0.159375 0.0734375 0.146875
0 0.60078125 0.053125 0.0546875 0.1
0 0.53828125 0.121875 0.0578125 0.10625
0 0.4828125 0.26640625 0.078125 0.15
0 0.62109375 0.41640625 0.0796875 0.15625
0 0.7875 0.484375 0.075 0.1703125
0 0.15234375 0.37109375 0.0671875 0.146875
0 0.1703125 0.25 0.06875 0.134375
0 0.1859375 0.153125 0.06875 0.1109375
0 0.33984375 0.171875 0.0859375 0.15625
0 0.10625 0.11640625 0.08125 0.1390625
0 0.83203125 0.13203125 0.0640625 0.1421875
0 0.884375 0.146875 0.06875 0.1609375
0 0.94296875 0.05859375 0.0671875 0.1109375
0 0.81875 0.3 0.078125 0.1390625
0 0.77109375 0.175 0.0828125 0.1390625