0 0.5515625 0.90703125 0.10625 0.1859375
0 0.84921875 0.87890625 0.1015625 0.203125
0 0.45546875 0.63203125 0.0734375 0.16875
0 0.17578125 0.54296875 0.0890625 0.1640625
0 0.0765625 0.7375 0.096875 0.1921875
0 0.059375 0.3484375 0.06875 0.1703125
0 0.07578125 0.2125 0.0765625 0.153125
0 0.20546875 0.16796875 0.0640625 0.153125
0 0.40859375 0.18359375 0.0703125 0.1671875
0 0.3578125 0.053125 0.059375 0.1
0 0.60703125 0.1640625 0.0703125 0.15
0 0.69765625 0.253125 0.0671875 0.134375
0 0.83828125 0.1765625 0.0734375 0.153125
0 0.9390625 0.140625 0.06875 0.109375
0 0.92421875 0.2484375 0.0796875 0.146875
0 0.63515625 0.4390625 0.0859375 0.184375
0 0.375 0.309375 0.071875 0.18125