0 0.10078125 0.31796875 0.0859375 0.153125
0 0.10390625 0.1859375 0.0640625 0.1390625
0 0.28515625 0.21640625 0.0578125 0.128125
0 0.4671875 0.06796875 0.071875 0.1296875
0 0.5765625 0.19453125 0.075 0.1546875
0 0.509375 0.15703125 0.06875 0.153125
0 0.53359375 0.8515625 0.1046875 0.159375
0 0.365625 0.5890625 0.08125 0.184375
0 0.9359375 0.4734375 0.075 0.1703125
0 0.9765625 0.15703125 0.046875 0.1421875
0 0.81015625 0.0875 0.0703125 0.1296875
0 0.7140625 0.05 0.084375 0.0953125
0 0.72265625 0.3765625 0.0703125 0.1640625
0 0.84921875 0.23359375 0.0734375 0.15
0 0.36171875 0.28203125 0.0859375 0.18125
0 0.4796875 0.33046875 0.084375 0.15625
0 0.16015625 0.0625 0.0703125 0.1203125