0 0.22421875 0.24453125 0.0734375 0.15
0 0.2609375 0.61640625 0.08125 0.1453125
0 0.04140625 0.315625 0.0734375 0.1640625
0 0.0921875 0.09609375 0.0625 0.1359375
0 0.42109375 0.2859375 0.0796875 0.1671875
0 0.43046875 0.1484375 0.0640625 0.13125
0 0.4921875 0.19140625 0.075 0.15625
0 0.5375 0.31953125 0.071875 0.1671875
0 0.6359375 0.84453125 0.10625 0.1609375
0 0.865625 0.490625 0.075 0.159375
0 0.73671875 0.209375 0.0859375 0.146875
0 0.66640625 0.053125 0.0734375 0.1
0 0.90390625 0.09140625 0.0671875 0.134375
0 0.934375 0.3359375 0.075 0.1609375
0 0.7609375 0.3890625 0.0875 0.1671875
0 0.0390625 0.51796875 0.075 0.203125
0 0.2328125 0.4234375 0.08125 0.146875