0 0.2921875 0.22109375 0.071875 0.1421875
0 0.21796875 0.20859375 0.0640625 0.1390625
0 0.15703125 0.30390625 0.0765625 0.153125
0 0.20703125 0.49453125 0.0796875 0.171875
0 0.05703125 0.6875 0.0828125 0.146875
0 0.6546875 0.540625 0.065625 0.146875
0 0.975 0.49140625 0.05 0.1453125
0 0.7890625 0.58046875 0.084375 0.1671875
0 0.92578125 0.86640625 0.1046875 0.1609375
0 0.74296875 0.1859375 0.0734375 0.1609375
0 0.8765625 0.353125 0.08125 0.15
0 0.83984375 0.084375 0.0703125 0.1421875
0 0.0890625 0.09140625 0.08125 0.15625
0 0.05390625 0.3765625 0.0671875 0.153125
0 0.0296875 0.25390625 0.05625 0.175
0 0.5296875 0.0609375 0.071875 0.1171875
0 0.6015625 0.128125 0.065625 0.134375