0 0.74296875 0.55390625 0.0734375 0.1703125
0 0.9171875 0.5140625 0.08125 0.15625
0 0.80859375 0.253125 0.0515625 0.134375
0 0.74921875 0.2265625 0.0734375 0.1703125
0 0.96875 0.0640625 0.059375 0.121875
0 0.796875 0.075 0.071875 0.134375
0 0.6625 0.08203125 0.078125 0.1359375
0 0.5 0.21640625 0.08125 0.15
0 0.55546875 0.38203125 0.0703125 0.146875
0 0.4046875 0.1515625 0.078125 0.153125
0 0.32734375 0.2359375 0.0765625 0.1453125
0 0.31484375 0.075 0.0703125 0.1453125
0 0.25078125 0.35546875 0.0734375 0.15625
0 0.39453125 0.6140625 0.0734375 0.1671875
0 0.484375 0.65 0.08125 0.1453125
0 0.08046875 0.6484375 0.0796875 0.1203125