0 0.77734375 0.21953125 0.0671875 0.134375
0 0.9125 0.16640625 0.071875 0.1671875
0 0.4890625 0.16953125 0.071875 0.1390625
0 0.3015625 0.31796875 0.084375 0.1578125
0 0.165625 0.19296875 0.084375 0.153125
0 0.3 0.15546875 0.078125 0.15
0 0.18984375 0.4234375 0.0734375 0.159375
0 0.17421875 0.715625 0.0890625 0.196875
0 0.39609375 0.87890625 0.0984375 0.175
0 0.69609375 0.9 0.1046875 0.184375
0 0.55859375 0.44140625 0.0890625 0.1953125
0 0.5453125 0.6 0.075 0.15625
0 0.98125 0.240625 0.034375 0.1203125
0 0.6921875 0.153125 0.075 0.15