0 0.5046875 0.2390625 0.071875 0.1609375
0 0.56796875 0.140625 0.0671875 0.153125
0 0.69609375 0.184375 0.0671875 0.153125
0 0.8828125 0.1875 0.065625 0.125
0 0.978125 0.25 0.04375 0.134375
0 0.90546875 0.340625 0.0765625 0.153125
0 0.94140625 0.496875 0.0703125 0.15
0 0.7234375 0.5765625 0.084375 0.153125
0 0.60546875 0.5390625 0.0578125 0.134375
0 0.2578125 0.4875 0.075 0.175
0 0.39296875 0.409375 0.0703125 0.1421875
0 0.090625 0.38203125 0.084375 0.175
0 0.0984375 0.259375 0.08125 0.146875
0 0.16796875 0.2125 0.0671875 0.1421875
0 0.240625 0.225 0.071875 0.1390625
0 0.13125 0.0640625 0.06875 0.121875
0 0.0640625 0.046875 0.065625 0.0890625
0 0.4921875 0.0609375 0.0625 0.1171875
0 0.96171875 0.071875 0.0609375 0.134375
0 0.80546875 0.08046875 0.0734375 0.128125