0 0.76640625 0.140625 0.0484375 0.1203125
0 0.89453125 0.30703125 0.0828125 0.146875
0 0.7015625 0.328125 0.075 0.134375
0 0.6296875 0.2375 0.059375 0.125
0 0.69375 0.2015625 0.075 0.1359375
0 0.55078125 0.15 0.0734375 0.134375
0 0.5 0.20859375 0.059375 0.128125
0 0.471875 0.4484375 0.078125 0.13125
0 0.28828125 0.4859375 0.0765625 0.15
0 0.3359375 0.27890625 0.08125 0.1703125
0 0.40078125 0.240625 0.0671875 0.125
0 0.35078125 0.13359375 0.0640625 0.128125
0 0.23984375 0.06953125 0.0703125 0.134375
0 0.1515625 0.16796875 0.059375 0.1421875
0 0.1078125 0.65859375 0.06875 0.1453125
0 0.18203125 0.496875 0.0796875 0.1453125