0 0.5453125 0.61640625 0.071875 0.1453125
0 0.70546875 0.58359375 0.0765625 0.1671875
0 0.70390625 0.375 0.0765625 0.134375
0 0.89375 0.215625 0.075 0.1640625
0 0.94765625 0.07890625 0.0734375 0.1421875
0 0.840625 0.075 0.065625 0.1453125
0 0.58359375 0.20703125 0.0734375 0.13125
0 0.6140625 0.290625 0.065625 0.146875
0 0.3734375 0.3375 0.090625 0.13125
0 0.31953125 0.2359375 0.0765625 0.1453125
0 0.23984375 0.18046875 0.0796875 0.15
0 0.15390625 0.090625 0.0734375 0.175
0 0.1234375 0.33359375 0.08125 0.1609375
0 0.27421875 0.678125 0.0734375 0.15625
0 0.17890625 0.6359375 0.0765625 0.1609375