0 0.76875 0.359375 0.0875 0.1421875
0 0.91875 0.54140625 0.075 0.171875
0 0.94375 0.1890625 0.0875 0.1953125
0 0.81015625 0.0765625 0.0734375 0.146875
0 0.89296875 0.071875 0.0734375 0.1390625
0 0.8375 0.225 0.078125 0.1390625
0 0.478125 0.640625 0.0875 0.146875
0 0.63359375 0.6 0.0828125 0.171875
0 0.19375 0.7140625 0.075 0.1609375
0 0.10546875 0.67109375 0.0765625 0.16875
0 0.08046875 0.29140625 0.0734375 0.128125
0 0.23671875 0.24296875 0.0765625 0.1421875
0 0.17421875 0.18203125 0.0703125 0.125
0 0.0859375 0.10390625 0.084375 0.175
0 0.52109375 0.075 0.0828125 0.1453125
0 0.40859375 0.17890625 0.0640625 0.13125
0 0.5296875 0.20703125 0.075 0.146875
0 0.4265625 0.3359375 0.075 0.171875
0 0.03828125 0.58046875 0.0734375 0.1453125