0 0.82265625 0.56640625 0.0734375 0.1671875
0 0.84375 0.34453125 0.075 0.1453125
0 0.81875 0.0859375 0.071875 0.15625
0 0.7125 0.20703125 0.065625 0.1359375
0 0.73828125 0.0859375 0.0703125 0.1390625
0 0.603125 0.184375 0.06875 0.146875
0 0.51015625 0.31953125 0.0703125 0.1671875
0 0.50703125 0.628125 0.0859375 0.184375
0 0.36875 0.65859375 0.084375 0.171875
0 0.07890625 0.721875 0.0859375 0.1609375
0 0.1078125 0.575 0.08125 0.128125
0 0.140625 0.2640625 0.071875 0.184375
0 0.08046875 0.19609375 0.0703125 0.1359375
0 0.36484375 0.12890625 0.0671875 0.1203125
0 0.46171875 0.09453125 0.0671875 0.1453125
0 0.43203125 0.3 0.0609375 0.1453125
0 0.240625 0.29453125 0.078125 0.1453125
0 0.628125 0.3890625 0.0625 0.1453125
0 0.70078125 0.41796875 0.0828125 0.1703125