0 0.83828125 0.125 0.0671875 0.134375
0 0.79296875 0.209375 0.0703125 0.1359375
0 0.69296875 0.14296875 0.0796875 0.175
0 0.6203125 0.190625 0.06875 0.153125
0 0.4765625 0.12890625 0.075 0.146875
0 0.27109375 0.159375 0.0765625 0.1703125
0 0.0515625 0.14140625 0.071875 0.1546875
0 0.21953125 0.3 0.0765625 0.171875
0 0.15390625 0.50859375 0.0859375 0.175
0 0.2671875 0.625 0.08125 0.171875
0 0.87421875 0.834375 0.1078125 0.1859375
0 0.58125 0.340625 0.084375 0.1421875
0 0.51875 0.2359375 0.08125 0.171875
0 0.7921875 0.365625 0.09375 0.1953125
0 0.11796875 0.08046875 0.0671875 0.15625