0 0.5296875 0.21015625 0.05 0.125
0 0.471875 0.06953125 0.0671875 0.1390625
0 0.60859375 0.128125 0.059375 0.121875
0 0.6234375 0.2859375 0.0859375 0.1453125
0 0.63984375 0.60625 0.0625 0.15625
0 0.9390625 0.503125 0.0890625 0.16875
0 0.84453125 0.36171875 0.0703125 0.1578125
0 0.7421875 0.3625 0.075 0.1421875
0 0.2984375 0.67734375 0.0859375 0.1796875
0 0.1625 0.68125 0.0890625 0.14375
0 0.109375 0.36953125 0.0734375 0.1359375
0 0.03828125 0.271875 0.0734375 0.1625
0 0.27265625 0.3109375 0.078125 0.1671875
0 0.36953125 0.2828125 0.078125 0.1671875
0 0.325 0.090625 0.078125 0.1765625
0 0.88203125 0.11484375 0.0625 0.1375