0 0.4765625 0.2640625 0.0875 0.178125
0 0.6015625 0.325 0.06875 0.1609375
0 0.6640625 0.2234375 0.075 0.146875
0 0.7 0.109375 0.06875 0.1359375
0 0.6125 0.05703125 0.06875 0.109375
0 0.875 0.17890625 0.071875 0.146875
0 0.78046875 0.50546875 0.0765625 0.15625
0 0.925 0.540625 0.078125 0.146875
0 0.746875 0.8609375 0.11875 0.1671875
0 0.190625 0.64140625 0.075 0.1390625
0 0.16328125 0.24453125 0.0640625 0.1390625
0 0.26796875 0.078125 0.0796875 0.15
0 0.34921875 0.17890625 0.0796875 0.1640625
0 0.1078125 0.521875 0.08125 0.1671875
0 0.29609375 0.415625 0.0734375 0.13125
0 0.02734375 0.09296875 0.0515625 0.159375
0 0.9375 0.06640625 0.06875 0.128125
0 0.790625 0.353125 0.084375 0.15
0 0.42265625 0.20390625 0.0671875 0.1359375