0 0.85390625 0.14140625 0.0578125 0.121875
0 0.80625 0.21796875 0.065625 0.1421875
0 0.7109375 0.146875 0.084375 0.1453125
0 0.63984375 0.2234375 0.0609375 0.13125
0 0.5640625 0.2375 0.078125 0.1421875
0 0.50078125 0.134375 0.0734375 0.1296875
0 0.29375 0.16796875 0.075 0.1609375
0 0.07265625 0.1640625 0.0734375 0.1609375
0 0.29375 0.64140625 0.08125 0.178125
0 0.13203125 0.5234375 0.0890625 0.1703125
0 0.18828125 0.309375 0.0828125 0.1921875
0 0.33828125 0.4875 0.0890625 0.175
0 0.8140625 0.86640625 0.109375 0.178125
0 0.7609375 0.37109375 0.090625 0.1859375
0 0.55078125 0.359375 0.0765625 0.146875
0 0.48984375 0.25703125 0.0890625 0.175