0 0.77734375 0.13359375 0.0609375 0.134375
0 0.37890625 0.134375 0.0734375 0.1421875
0 0.1796875 0.1609375 0.075 0.1609375
0 0.0859375 0.5125 0.0875 0.175
0 0.14296875 0.6609375 0.0859375 0.171875
0 0.25390625 0.478125 0.0921875 0.178125
0 0.45234375 0.434375 0.0828125 0.18125
0 0.3234375 0.278125 0.078125 0.178125
0 0.52421875 0.20703125 0.0734375 0.153125
0 0.590625 0.14140625 0.084375 0.171875
0 0.615625 0.22109375 0.0875 0.1640625
0 0.7140625 0.196875 0.071875 0.171875
0 0.8796875 0.30859375 0.090625 0.1609375
0 0.68515625 0.328125 0.0734375 0.15
0 0.428125 0.23359375 0.08125 0.134375