0 0.6359375 0.1625 0.078125 0.146875
0 0.76796875 0.51640625 0.0765625 0.1390625
0 0.7921875 0.1765625 0.06875 0.1640625
0 0.91640625 0.0640625 0.0671875 0.121875
0 0.309375 0.1875 0.075 0.153125
0 0.17265625 0.3734375 0.0703125 0.153125
0 0.14765625 0.25390625 0.0671875 0.153125
0 0.16484375 0.15859375 0.0671875 0.1109375
0 0.0328125 0.35 0.0625 0.178125
0 0.50390625 0.2625 0.0796875 0.1640625
0 0.6375 0.396875 0.078125 0.15
0 0.575 0.04453125 0.0625 0.084375
0 0.440625 0.05546875 0.065625 0.10625