0 0.5953125 0.5859375 0.06875 0.15
0 0.75546875 0.55859375 0.0828125 0.171875
0 0.66953125 0.26640625 0.0765625 0.1390625
0 0.62109375 0.2125 0.0703125 0.1203125
0 0.5375 0.09609375 0.071875 0.125
0 0.86484375 0.065625 0.0609375 0.109375
0 0.85546875 0.215625 0.0734375 0.175
0 0.9484375 0.2109375 0.06875 0.134375
0 0.6515625 0.3890625 0.078125 0.1453125
0 0.33515625 0.690625 0.0828125 0.16875
0 0.23671875 0.65 0.0890625 0.1671875
0 0.3359375 0.35703125 0.08125 0.1640625
0 0.3609375 0.22109375 0.0625 0.1359375
0 0.29296875 0.18046875 0.0765625 0.1453125
0 0.20625 0.08203125 0.084375 0.159375
0 0.19296875 0.27890625 0.0765625 0.1703125
0 0.08515625 0.32109375 0.0796875 0.1640625
0 0.409375 0.0640625 0.053125 0.121875