0 0.21875 0.421875 0.04375 0.0875
0 0.25 0.48203125 0.0421875 0.0828125
0 0.24140625 0.5671875 0.046875 0.0703125
0 0.259375 0.6703125 0.0578125 0.090625
0 0.1671875 0.7 0.0453125 0.1109375
0 0.115625 0.65078125 0.053125 0.071875
0 0.35625 0.640625 0.0609375 0.103125
0 0.31484375 0.82421875 0.0625 0.08125
0 0.69375 0.88359375 0.0671875 0.096875
0 0.79375 0.8765625 0.053125 0.071875
0 0.78984375 0.79765625 0.0515625 0.0921875
0 0.85390625 0.88125 0.0453125 0.10625
0 0.8625 0.73046875 0.053125 0.1125
0 0.83984375 0.64765625 0.053125 0.0953125
0 0.95078125 0.53203125 0.046875 0.1015625
0 0.67734375 0.2953125 0.046875 0.0984375
0 0.57421875 0.4 0.0484375 0.078125
0 0.52265625 0.40625 0.046875 0.0703125
0 0.68046875 0.41796875 0.0515625 0.0765625
0 0.553125 0.8375 0.0546875 0.06875
0 0.153125 0.8453125 0.059375 0.0875