0 0.121875 0.25859375 0.071875 0.15
0 0.19453125 0.090625 0.0671875 0.153125
0 0.29375 0.1765625 0.065625 0.1421875
0 0.36796875 0.2140625 0.0734375 0.1390625
0 0.515625 0.26796875 0.084375 0.1796875
0 0.6203125 0.215625 0.078125 0.146875
0 0.82421875 0.19296875 0.0671875 0.146875
0 0.82265625 0.365625 0.0796875 0.159375
0 0.72734375 0.51640625 0.0765625 0.1453125
0 0.88046875 0.55 0.0890625 0.15
0 0.65625 0.1109375 0.06875 0.128125
0 0.5796875 0.05546875 0.06875 0.10625
0 0.2171875 0.290625 0.090625 0.146875
0 0.32578125 0.4140625 0.0734375 0.1453125
0 0.1484375 0.50546875 0.084375 0.15
0 0.05 0.0734375 0.071875 0.1421875
0 0.81328125 0.84609375 0.1140625 0.1640625