0 0.63046875 0.16796875 0.0765625 0.153125
0 0.8578125 0.1625 0.075 0.1640625
0 0.94453125 0.23359375 0.0734375 0.1453125
0 0.4828125 0.63046875 0.084375 0.178125
0 0.49375 0.9015625 0.10625 0.1859375
0 0.7953125 0.8734375 0.1125 0.196875
0 0.1171875 0.725 0.090625 0.1953125
0 0.1578125 0.540625 0.078125 0.1640625
0 0.23984375 0.175 0.0796875 0.1546875
0 0.43359375 0.17109375 0.0765625 0.159375
0 0.72578125 0.2515625 0.0734375 0.1578125
0 0.6046875 0.4265625 0.096875 0.1859375
0 0.03671875 0.36796875 0.0703125 0.175
0 0.35625 0.3140625 0.071875 0.184375