0 0.521875 0.1890625 0.065625 0.1390625
0 0.76171875 0.15 0.0734375 0.15
0 0.9046875 0.165625 0.06875 0.1421875
0 0.6296875 0.5390625 0.065625 0.15625
0 0.71640625 0.3890625 0.0796875 0.15625
0 0.26875 0.35859375 0.078125 0.15625
0 0.17421875 0.8515625 0.1171875 0.159375
0 0.12578125 0.34453125 0.0828125 0.171875
0 0.040625 0.19296875 0.075 0.13125
0 0.1375 0.196875 0.08125 0.1390625
0 0.375 0.14296875 0.06875 0.13125
0 0.43984375 0.05546875 0.0640625 0.10625
0 0.328125 0.271875 0.075 0.15
0 0.55546875 0.04609375 0.0828125 0.0859375
0 0.6109375 0.25 0.0875 0.1609375