0 0.384375 0.2109375 0.06875 0.1453125
0 0.4875 0.24296875 0.078125 0.146875
0 0.58125 0.128125 0.071875 0.1453125
0 0.659375 0.16796875 0.06875 0.1359375
0 0.86875 0.071875 0.0625 0.10625
0 0.859375 0.16796875 0.078125 0.1421875
0 0.39609375 0.84140625 0.1078125 0.1671875
0 0.26875 0.3234375 0.08125 0.18125
0 0.184375 0.29140625 0.065625 0.1390625
0 0.05234375 0.26640625 0.0703125 0.134375
0 0.20859375 0.165625 0.0609375 0.1140625
0 0.06484375 0.07890625 0.0796875 0.125
0 0.03671875 0.465625 0.0703125 0.1640625
0 0.64609375 0.39140625 0.0703125 0.1609375
0 0.7515625 0.24140625 0.078125 0.171875
0 0.28203125 0.065625 0.0640625 0.125