0 0.584375 0.15859375 0.08125 0.128125
0 0.66796875 0.25 0.06875 0.15
0 0.921875 0.1359375 0.059375 0.121875
0 0.8984375 0.240625 0.078125 0.146875
0 0.8078125 0.18046875 0.08125 0.178125
0 0.4234375 0.64453125 0.071875 0.1671875
0 0.60703125 0.89296875 0.1140625 0.196875
0 0.9046875 0.89453125 0.103125 0.1890625
0 0.66171875 0.4375 0.0921875 0.18125
0 0.20546875 0.53359375 0.0828125 0.171875
0 0.0796875 0.35390625 0.0875 0.1640625
0 0.040625 0.20390625 0.078125 0.159375
0 0.17734375 0.1640625 0.0640625 0.1453125
0 0.34140625 0.05859375 0.0734375 0.1109375
0 0.03828125 0.74453125 0.0734375 0.1890625
0 0.0328125 0.58359375 0.0625 0.171875
0 0.39453125 0.30390625 0.0796875 0.18125