0 0.8125 0.515625 0.078125 0.146875
0 0.9765625 0.52109375 0.046875 0.159375
0 0.96796875 0.30859375 0.0640625 0.1390625
0 0.79375 0.196875 0.071875 0.1109375
0 0.69609375 0.228125 0.0796875 0.1609375
0 0.58515625 0.1859375 0.0828125 0.134375
0 0.4765625 0.15703125 0.075 0.153125
0 0.37890625 0.071875 0.0703125 0.1390625
0 0.228125 0.053125 0.078125 0.1
0 0.23984375 0.2390625 0.0890625 0.15
0 0.19453125 0.378125 0.0734375 0.1453125
0 0.57265625 0.615625 0.0921875 0.153125
0 0.50078125 0.3875 0.0703125 0.1421875
0 0.1015625 0.2484375 0.084375 0.1640625
0 0.03671875 0.31953125 0.0703125 0.1546875
0 0.871875 0.0734375 0.090625 0.1421875
0 0.7109375 0.078125 0.075 0.1453125