0 0.75234375 0.24453125 0.0671875 0.1390625
0 0.89296875 0.17109375 0.0671875 0.1703125
0 0.96953125 0.24296875 0.0578125 0.1359375
0 0.6609375 0.171875 0.071875 0.15
0 0.45703125 0.16953125 0.0671875 0.15
0 0.3265625 0.3109375 0.08125 0.165625
0 0.15546875 0.44453125 0.0640625 0.121875
0 0.14765625 0.73359375 0.0890625 0.184375
0 0.23828125 0.090625 0.0734375 0.1421875
0 0.26640625 0.1609375 0.0671875 0.15
0 0.134375 0.20390625 0.075 0.159375
0 0.7484375 0.8890625 0.096875 0.1890625
0 0.440625 0.884375 0.1125 0.196875
0 0.51796875 0.60703125 0.0703125 0.153125
0 0.578125 0.42890625 0.084375 0.1859375