0 0.234375 0.61640625 0.0765625 0.15625
0 0.17734375 0.5015625 0.0796875 0.153125
0 0.24296875 0.290625 0.0828125 0.18125
0 0.4546875 0.1265625 0.078125 0.153125
0 0.665625 0.14140625 0.084375 0.184375
0 0.82265625 0.10859375 0.0671875 0.15
0 0.775 0.2015625 0.071875 0.1203125
0 0.81484375 0.35 0.0984375 0.184375
0 0.9328125 0.828125 0.10625 0.2
0 0.61171875 0.3484375 0.0890625 0.159375
0 0.5328125 0.21953125 0.084375 0.1546875
0 0.6046875 0.1984375 0.075 0.159375
0 0.0328125 0.121875 0.0625 0.1546875
0 0.0765625 0.52890625 0.090625 0.175
0 0.24453125 0.15703125 0.0828125 0.146875