0 0.64375 0.240625 0.06875 0.146875
0 0.78359375 0.18203125 0.0703125 0.1640625
0 0.90546875 0.15546875 0.0609375 0.128125
0 0.8703125 0.24609375 0.071875 0.1421875
0 0.690625 0.43203125 0.0875 0.175
0 0.65390625 0.86796875 0.0984375 0.209375
0 0.95078125 0.90546875 0.0984375 0.1890625
0 0.3984375 0.634375 0.084375 0.159375
0 0.2359375 0.5359375 0.078125 0.1609375
0 0.0484375 0.5890625 0.08125 0.1671875
0 0.109375 0.36640625 0.08125 0.178125
0 0.153125 0.16953125 0.06875 0.15
0 0.32734375 0.0515625 0.0640625 0.096875
0 0.36328125 0.196875 0.0765625 0.15625
0 0.4265625 0.2984375 0.08125 0.1703125
0 0.975 0.13203125 0.05 0.13125