0 0.8859375 0.515625 0.0625 0.1359375
0 0.9328125 0.32890625 0.075 0.153125
0 0.846875 0.18046875 0.071875 0.121875
0 0.92734375 0.06953125 0.0734375 0.134375
0 0.70625 0.12890625 0.053125 0.13125
0 0.64609375 0.2515625 0.0859375 0.175
0 0.5359375 0.14140625 0.075 0.15
0 0.45859375 0.071875 0.0734375 0.1390625
0 0.65546875 0.60546875 0.0828125 0.15
0 0.14453125 0.3859375 0.0765625 0.15
0 0.078125 0.30546875 0.065625 0.15625
0 0.1578125 0.2390625 0.075 0.1546875
0 0.45625 0.240625 0.065625 0.16875
0 0.16171875 0.0625 0.0671875 0.1203125
0 0.4390625 0.40859375 0.08125 0.15625
0 0.2984375 0.46953125 0.084375 0.178125