0 0.58203125 0.49765625 0.1671875 0.328125
0 0.41484375 0.49765625 0.16015625 0.328125
0 0.74765625 0.83359375 0.17109375 0.32265625
0 0.08203125 0.83359375 0.16328125 0.32265625
0 0.2453125 0.83046875 0.15625 0.328125
0 0.08203125 0.16640625 0.16328125 0.32265625
0 0.41484375 0.83046875 0.1671875 0.328125
0 0.91484375 0.8359375 0.16328125 0.3171875
0 0.41484375 0.16640625 0.1671875 0.32265625
0 0.4984375 0.49765625 0.99609375 0.99453125
0 0.58203125 0.8359375 0.1671875 0.3171875
0 0.91484375 0.1640625 0.16328125 0.328125
0 0.24765625 0.1640625 0.1671875 0.328125
0 0.24765625 0.5 0.16015625 0.32265625
0 0.74921875 0.1640625 0.16015625 0.328125
0 0.74921875 0.5 0.1671875 0.32265625
0 0.58203125 0.16640625 0.1671875 0.32265625