0 0.4953125 0.87578125 0.2 0.2390625
0 0.69765625 0.62578125 0.2046875 0.24375
0 0.3046875 0.87421875 0.2 0.24375
0 0.09765625 0.87421875 0.1953125 0.24375
0 0.5 0.12421875 0.2 0.24765625
0 0.89765625 0.871875 0.1953125 0.24765625
0 0.49765625 0.86953125 0.9953125 0.25234375
0 0.1 0.12421875 0.2 0.24765625
0 0.49765625 0.371875 0.1953125 0.24765625
0 0.69765625 0.87578125 0.2046875 0.2390625
0 0.09765625 0.37578125 0.1953125 0.24765625
0 0.2953125 0.12421875 0.2 0.24765625
0 0.49765625 0.49765625 0.9953125 0.9953125