0 0.5015625 0.503125 0.996875 0.99375
0 0.4125 0.496875 0.13984375 0.29296875
0 0.58359375 0.14296875 0.1390625 0.2859375
0 0.23984375 0.49375 0.14296875 0.28671875
0 0.75546875 0.49375 0.13984375 0.28671875
0 0.24140625 0.85 0.13984375 0.28671875
0 0.584375 0.496875 0.13984375 0.29296875
0 0.41171875 0.13984375 0.1390625 0.2796875
0 0.2390625 0.13984375 0.14375 0.2796875
0 0.584375 0.85 0.13984375 0.28671875
0 0.7546875 0.13984375 0.140625 0.2796875
0 0.41328125 0.85546875 0.090625 0.21171875
0 0.7578125 0.8625 0.0875 0.1875
0 0.93046875 0.86171875 0.084375 0.19375
0 0.93125 0.4921875 0.0796875 0.16796875
0 0.934375 0.14296875 0.0921875 0.20390625