0 0.69609375 0.64921875 0.2 0.06171875
0 0.4984375 0.83515625 0.99609375 0.31953125
0 0.4984375 0.50546875 0.99609375 0.3296875
0 0.4984375 0.16484375 0.99609375 0.3296875
0 0.41328125 0.50234375 0.15 0.3140625
0 0.57890625 0.1671875 0.15 0.3140625
0 0.765625 0.69296875 0.33046875 0.04609375
0 0.7484375 0.1671875 0.1578125 0.3140625
0 0.4984375 0.49765625 0.99609375 0.99453125
0 0.0859375 0.17109375 0.11015625 0.20859375
0 0.2515625 0.1796875 0.11875 0.2015625
0 0.41796875 0.18203125 0.13046875 0.20625
0 0.9140625 0.1390625 0.1296875 0.20234375
0 0.0859375 0.5109375 0.11875 0.20859375
0 0.246875 0.496875 0.1140625 0.20078125
0 0.5828125 0.50625 0.11015625 0.21484375
0 0.75078125 0.515625 0.11953125 0.1984375
0 0.91640625 0.51640625 0.115625 0.20703125
0 0.0859375 0.83828125 0.103125 0.2
0 0.24765625 0.825 0.11953125 0.19765625
0 0.41875 0.83359375 0.1140625 0.18984375
0 0.58359375 0.846875 0.11171875 0.209375
0 0.7546875 0.85703125 0.1171875 0.19921875
0 0.925 0.8484375 0.1078125 0.1703125