0 0.13671875 0.13125 0.11875 0.16484375
0 0.371875 0.13046875 0.1171875 0.15546875
0 0.61875 0.1359375 0.13359375 0.14921875
0 0.8609375 0.13125 0.1015625 0.125
0 0.1390625 0.3703125 0.10390625 0.11328125
0 0.38203125 0.3609375 0.11640625 0.128125
0 0.6125 0.3796875 0.11015625 0.1234375
0 0.859375 0.3734375 0.10546875 0.12890625
0 0.13515625 0.61171875 0.10859375 0.13125
0 0.3703125 0.634375 0.1171875 0.1375
0 0.61875 0.628125 0.1171875 0.13671875
0 0.86875 0.62109375 0.13203125 0.12265625
0 0.1359375 0.85546875 0.1171875 0.13515625
0 0.378125 0.87578125 0.1046875 0.146875
0 0.621875 0.86015625 0.12734375 0.1390625
0 0.85390625 0.87265625 0.11875 0.12421875